project,bug_id,tests,buggy_result,buggy_fails,fixed_result,fixed_fails,verdict,lines,covered_lines,line_cov,branches,covered_branches,branch_cov,buggy_test_seconds,fixed_test_seconds,test_run_seconds,buggy_test_time_source,fixed_test_time_source
Closure,149,121,NOT_RUN,,NOT_RUN,,NOT_AVAILABLE,,,,,,,0.0,0.0,0.0,log_ant_total,log_ant_total
