project,bug_id,tests,buggy_result,buggy_fails,fixed_result,fixed_fails,verdict,lines,covered_lines,line_cov,branches,covered_branches,branch_cov
JacksonDatabind,106,92,NOT_RUN,,NOT_RUN,,NOT_AVAILABLE,,,,,,
